1.149000000000000000e+03
1.150000000000000000e+03
1.160000000000000000e+03
1.161000000000000000e+03
1.149000000000000000e+03
1.150000000000000000e+03
1.151000000000000000e+03
1.152000000000000000e+03
1.153000000000000000e+03
1.154000000000000000e+03
1.155000000000000000e+03
1.159000000000000000e+03
1.160000000000000000e+03
1.161000000000000000e+03
1.162000000000000000e+03
1.149000000000000000e+03
1.150000000000000000e+03
1.151000000000000000e+03
1.152000000000000000e+03
1.153000000000000000e+03
1.154000000000000000e+03
1.155000000000000000e+03
1.156000000000000000e+03
1.157000000000000000e+03
1.158000000000000000e+03
1.159000000000000000e+03
1.160000000000000000e+03
1.161000000000000000e+03
1.162000000000000000e+03
1.149000000000000000e+03
1.150000000000000000e+03
1.151000000000000000e+03
1.152000000000000000e+03
1.153000000000000000e+03
1.154000000000000000e+03
1.155000000000000000e+03
1.156000000000000000e+03
1.157000000000000000e+03
1.158000000000000000e+03
1.159000000000000000e+03
1.160000000000000000e+03
1.161000000000000000e+03
1.162000000000000000e+03
1.163000000000000000e+03
1.150000000000000000e+03
1.151000000000000000e+03
1.155000000000000000e+03
1.156000000000000000e+03
1.157000000000000000e+03
1.158000000000000000e+03
1.159000000000000000e+03
1.160000000000000000e+03
1.161000000000000000e+03
1.162000000000000000e+03
1.156000000000000000e+03
1.157000000000000000e+03
1.158000000000000000e+03
1.159000000000000000e+03
1.160000000000000000e+03
1.161000000000000000e+03
1.162000000000000000e+03
1.156000000000000000e+03
1.157000000000000000e+03
1.158000000000000000e+03
1.159000000000000000e+03
1.160000000000000000e+03
1.161000000000000000e+03
1.162000000000000000e+03
1.163000000000000000e+03
1.156000000000000000e+03
1.157000000000000000e+03
1.158000000000000000e+03
1.159000000000000000e+03
1.160000000000000000e+03
1.161000000000000000e+03
1.162000000000000000e+03
1.163000000000000000e+03
1.158000000000000000e+03
1.159000000000000000e+03
1.160000000000000000e+03
1.161000000000000000e+03
1.162000000000000000e+03
1.163000000000000000e+03
1.164000000000000000e+03
1.159000000000000000e+03
1.160000000000000000e+03
1.161000000000000000e+03
1.162000000000000000e+03
1.163000000000000000e+03
1.164000000000000000e+03
1.160000000000000000e+03
1.161000000000000000e+03
1.162000000000000000e+03
1.163000000000000000e+03
1.164000000000000000e+03
1.164000000000000000e+03
